         MORTGAGE AMORTIZATION TABLE

Amount:                  $  95,000,000.00
Interest Rate:           6.75%
Term(Years):             5
Monthly Payment:         $   1,869,928.76
Additional Principal:    $     300,000.00
Actual Payment:          $   2,169,928.00

                         Principal                   Interest                   Balance               
1     $                 1,635,553.76     $          534,375.00     $           93,364,446.24
2                       1,644,753.75                525,175.01                 91,719,692.48
3                       1,654,005.49                515,923.27                 90,065,686.99
4                       1,663,309.27                506,619.49                 88,402,377.72
5                       1,672,665.39                497,263.37                 86,729,712.33
6                       1,682,074.13                487,854.63                 85,047,638.20
7                       1,691,535.80                478,392.96                 83,356,102.40
8                       1,701,050.69                468,878.08                 81,655,051.71
9                       1,710,619.10                459,309.67                 79,944,432.61
10                      1,720,241.33                449,687.43                 78,224,191.29
11                      1,729,917.69                440,011.08                 76,494,273.60
12                      1,739,648.47                430,280.29                 74,754,625.12
13                      1,749,434.00                420,494.77                 73,005,191.13
14                      1,759,274.56                410,654.20                 71,245,916.56
15                      1,769,170.48                400,758.28                 69,476,746.08
16                      1,779,122.07                390,806.70                 67,697,624.02
17                      1,789,129.63                380,799.14                 65,908,494.39
18                      1,799,193.48                370,735.28                 64,109,300.90
19                      1,809,313.95                360,614.82                 62,299,986.96
20                      1,819,491.34                350,437.43                 60,480,495.62
21                      1,829,725.98                340,202.79                 58,650,769.65
22                      1,840,018.18                329,910.58                 56,810,751.46
23                      1,850,368.29                319,560.48                 54,960,383.18
24                      1,860,776.61                309,152.16                 53,099,606.57
25                      1,871,243.48                298,685.29                 51,228,363.09
26                      1,881,769.22                288,159.54                 49,346,593.87
27                      1,892,354.17                277,574.59                 47,454,239.70
28                      1,902,998.66                266,930.10                 45,551,241.04
29                      1,913,703.03                256,225.73                 43,637,538.00
30                      1,924,467.61                245,461.15                 41,713,070.39
31                      1,935,292.74                234,636.02                 39,777,777.65
32                      1,946,178.76                223,750.00                 37,831,598.89
33                      1,957,126.02                212,802.74                 35,874,472.87
34                      1,968,134.85                201,793.91                 33,906,338.01
35                      1,979,205.61                190,723.15                 31,927,132.40
36                      1,990,338.64                179,590.12                 29,936,793.76
37                      2,001,534.30                168,394.46                 27,935,259.46
38                      2,012,792.93                157,135.83                 25,922,466.53
39                      2,024,114.89                145,813.87                 23,898,351.64
40                      2,035,500.54                134,428.23                 21,862,851.11
41                      2,046,950.23                122,978.54                 19,815,900.88
42                      2,058,464.32                111,464.44                 17,757,436.56
43                      2,070,043.18                 99,885.58                 15,687,393.38
44                      2,081,687.18                 88,241.59                 13,605,706.20
45                      2,093,396.67                 76,532.10                 11,512,309.54
46                      2,105,172.02                 64,756.74                  9,407,137.51
47                      2,117,013.61                 52,915.15                  7,290,123.90
48                      2,128,921.82                 41,006.95                  5,161,202.08
49                      2,140,897.00                 29,031.76                  3,020,305.08
50                      2,152,939.55                 16,989.22                    867,365.54
51                        867,365.54                  4,878.93                          0.00
